Intrinsic Loaded from Oak-D Camera:
[[511.0249939    0.         327.05282593]
 [  0.         511.0249939  248.81518555]
 [  0.           0.           1.        ]]

Camera Intrinsic from MATLAB:
[[704.584, 0.0, 325.885]
[0.0, 704.761, 245.785]
[0.0, 0.0, 1.0]]

Camera Intrinsic Matrix (K):
[[6529, 0, 284]
[0, 2600, 209]
[0, 0, 1]]
 [[6.52942026e+03 0.00000000e+00 2.84049747e+02]
 [0.00000000e+00 2.60018627e+03 2.09187223e+02]
 [0.00000000e+00 0.00000000e+00 1.00000000e+00]]
Distortion Coefficients:
 [ 1.13432645e+01 -6.49592172e+02  9.64787564e-01 -5.74712288e-02
  3.58249888e+02]
Reprojection error: 2.5330
